Lives 2
Score 96700
Time 16
Level 12
NumBalls -6418
0 32 122 3 0
0 80 122 0 1
0 128 122 2 0
0 176 122 1 0
0 224 122 2 1
0 272 122 0 0
0 320 122 0 0
0 368 122 1 0
0 416 122 3 0
0 464 122 0 0
0 512 122 3 0
0 560 122 2 0
0 608 122 3 0
0 656 122 3 1
0 704 122 1 1
0 752 122 3 0
0 800 122 0 0
0 848 122 1 0
0 896 122 1 1
0 944 122 0 0
0 32 158 1 0
0 80 158 0 0
0 128 158 1 0
0 176 158 2 0
0 224 158 3 0
0 272 158 3 1
0 320 158 1 0
0 368 158 2 1
0 416 158 3 0
0 464 158 2 1
0 512 158 2 0
0 560 158 1 0
0 608 158 2 1
0 656 158 0 0
0 704 158 3 1
0 752 158 3 0
0 800 158 3 1
0 848 158 1 0
0 896 158 3 0
0 944 158 3 0
0 32 194 1 0
0 80 194 0 0
0 128 194 1 0
0 176 194 1 0
0 224 194 2 1
0 272 194 2 0
0 320 194 3 0
0 368 194 1 0
0 416 194 1 0
0 464 194 0 0
0 512 194 0 0
0 560 194 1 0
0 608 194 1 0
0 656 194 2 0
0 704 194 2 1
0 752 194 2 1
0 800 194 0 0
0 848 194 3 0
0 896 194 0 0
0 944 194 0 0
0 32 230 1 1
0 80 230 1 0
0 128 230 1 0
0 176 230 1 1
0 224 230 2 1
0 272 230 3 0
0 320 230 3 0
0 368 230 2 0
0 416 230 3 0
0 560 230 2 0
0 608 230 1 0
0 656 230 0 0
0 704 230 1 0
0 752 230 1 0
0 800 230 0 0
0 848 230 1 0
0 896 230 3 0
10 968 347 10
8 524 698.182 1 1 1512372002 0
9 833.34 371.758 0 -0.743294 0.668965 1512371837 1
12 500 242.182 
12 541 242.182 
12 500 312.182 
12 541 312.182 
12 516 367.182 
12 557 367.182 
12 517 427.182 
12 558 427.182 
12 517 477.182 
12 558 477.182 
